TF	T000676_1.02
TF Name	ANT
Gene	AT4G37750-TAIR-G
Motif	M2364_1.02
Family	AP2
Species	Arabidopsis_thaliana
Pos	A	C	G	T
1	0.17647058823529	0.11764705882353	0.35294117647059	0.35294117647059
2	0.14705882352941	0.20588235294118	0.38235294117647	0.26470588235294
3	0.235294117647059	0.0	0.705882352941177	0.0588235294117647
4	0.0	0.941176470588235	0.0	0.0588235294117647
5	0.911764705882353	0.0	0.0588235294117652	0.0294117647058821
6	0.0	1.0	0.0	0.0
7	0.61764705882353	0.0	0.38235294117647	0.0
8	0.23529411764706	0.17647058823529	0.44117647058824	0.14705882352941
9	0.441176470588238	0.0294117647058819	0.0294117647058819	0.499999999999998
10	0.0	0.0882352941176473	0.0	0.911764705882353
11	0.11764705882353	0.73529411764706	0.0	0.14705882352941
12	0.0	1.0	0.0	0.0
13	0.0	0.970588235294118	0.0	0.0294117647058819
14	0.264705882352939	0.323529411764709	0.382352941176469	0.0294117647058819
15	1.0	0.0	0.0	0.0
16	0.20588235294118	0.0294117647058819	0.470588235294119	0.294117647058819
17	0.0882352941176469	0.029411764705882	0.852941176470589	0.029411764705882
18	0.0588235294117655	0.294117647058822	0.0882352941176477	0.558823529411764
19	0.235294117647062	0.176470588235292	0.411764705882354	0.176470588235292
20	0.35294117647059	0.29411764705882	0.11764705882353	0.23529411764706
21	0.558823529411762	0.11764705882353	0.0882352941176473	0.235294117647061


TF	T000676_1.02
TF Name	ANT
Gene	AT4G37750-TAIR-G
Motif	M2631_1.02
Family	AP2
Species	Arabidopsis_thaliana
Pos	A	C	G	T
1	0.0	0.9375	0.0	0.0625
2	0.875	0.03125	0.0625	0.03125
3	0.0	1.0	0.0	0.0
4	0.65625	0.03125	0.3125	0.0
5	0.264705882352941	0.147058823529412	0.441176470588235	0.147058823529412
6	0.470588235294118	0.0294117647058824	0.0294117647058824	0.470588235294118
7	0.0	0.0588235294117647	0.0294117647058824	0.911764705882353
8	0.147058823529412	0.705882352941177	0.0	0.147058823529412
9	0.0	1.0	0.0	0.0
10	0.0	0.96969696969697	0.0	0.0303030303030303
11	0.304347826086957	0.0434782608695652	0.565217391304348	0.0869565217391304
12	0.954545454545455	0.0	0.0	0.0454545454545455
13	0.136363636363636	0.0	0.454545454545455	0.409090909090909
14	0.0909090909090909	0.0	0.909090909090909	0.0


