>motif1
A [  30  40   2  19  46  47   1   1  27  33 ]
C [  24  30  35   2  25  15  39  61  25   9 ]
G [  15  11  14  16  15  11  13  29  26  27 ]
T [  31  19  49  63  14  27  47   9  22  31 ]

>motif2
A [   1  19  22   8  37  34  21  32  34  53 ]
C [   8  33  36  26  18   7  30   6  31  23 ]
G [  41  29  29  20  22  21  35  37  32  17 ]
T [  50  19  13  46  23  38  14  25   3   7 ]

>motif3
A [  29  29  14  31  13  29  20  27   5  21 ]
C [   6  41  41   4  16  21   7   7  29  29 ]
G [  38  24  18   8  24  31  46  32  55  14 ]
T [  27   6  27  57  47  19  27  34  11  36 ]

>motif4
A [  21   4  15  30  17  26  41  39  15  30 ]
C [  31  30  41  29  20   9   4  13  24  20 ]
G [  13  25  37  27  45  21  17  41  52  37 ]
T [  35  41   7  14  18  44  38   7   9  13 ]

>motif5
A [  42  65  33  23  21  11  19  23  35  12 ]
C [  47  15  27   2   3  50  10  25   1  42 ]
G [   4  15   3  68  49  27  36  22  41  44 ]
T [   7   5  37   7  27  12  35  30  23   2 ]

