MEME version 4

ALPHABET= ACGT

strands: + -

Background letter frequencies
A 0.25 C 0.25 G 0.25 T 0.25

MOTIF motif1
letter-probability matrix: alength= 4 w= 10 nsites= 100 E= 0
 0.296362  0.243084  0.148746  0.311808 
 0.392885  0.300155  0.114705  0.192255 
 0.020294  0.351456  0.144827  0.483423 
 0.189891  0.015550  0.157253  0.637306 
 0.453743  0.251167  0.152030  0.143061 
 0.475345  0.152887  0.106606  0.265161 
 0.013446  0.391335  0.126812  0.468407 
 0.008957  0.613431  0.291509  0.086103 
 0.278041  0.250081  0.255214  0.216664 
 0.337325  0.085114  0.267611  0.309950 

MOTIF motif2
letter-probability matrix: alength= 4 w= 10 nsites= 100 E= 0
 0.009703  0.084401  0.405401  0.500495 
 0.191195  0.331941  0.287262  0.189602 
 0.221687  0.361382  0.286319  0.130612 
 0.083684  0.255500  0.198226  0.462591 
 0.365818  0.184229  0.220342  0.229610 
 0.335974  0.065512  0.207245  0.391270 
 0.208624  0.301937  0.345645  0.143794 
 0.317810  0.055303  0.380482  0.246405 
 0.334968  0.312271  0.319221  0.033540 
 0.526507  0.232371  0.174273  0.066849 

MOTIF motif3
letter-probability matrix: alength= 4 w= 10 nsites= 100 E= 0
 0.292777  0.063801  0.371757  0.271665 
 0.289772  0.404824  0.244659  0.060746 
 0.137457  0.413406  0.176754  0.272383 
 0.311949  0.044188  0.075088  0.568775 
 0.132561  0.161246  0.235059  0.471134 
 0.289569  0.210734  0.311330  0.188367 
 0.196577  0.067735  0.470096  0.265592 
 0.270640  0.071889  0.324551  0.332920 
 0.047804  0.286926  0.550563  0.114708 
 0.205991  0.293436  0.141302  0.359271 

MOTIF motif4
letter-probability matrix: alength= 4 w= 10 nsites= 100 E= 0
 0.211876  0.307917  0.133830  0.346377 
 0.035535  0.296529  0.252795  0.415141 
 0.154610  0.404323  0.372662  0.068405 
 0.293573  0.293737  0.271288  0.141401 
 0.173116  0.203316  0.441478  0.182089 
 0.258860  0.089684  0.207464  0.443992 
 0.409955  0.039107  0.172851  0.378088 
 0.387115  0.133712  0.405755  0.073418 
 0.153162  0.239360  0.515041  0.092437 
 0.301620  0.199825  0.363603  0.134952 

MOTIF motif5
letter-probability matrix: alength= 4 w= 10 nsites= 100 E= 0
 0.417275  0.473806  0.038651  0.070268 
 0.651579  0.146668  0.151635  0.050118 
 0.333739  0.265565  0.028080  0.372616 
 0.232780  0.015960  0.676289  0.074971 
 0.212081  0.034448  0.487234  0.266238 
 0.113861  0.494008  0.269081  0.123050 
 0.192384  0.102441  0.353369  0.351806 
 0.227662  0.245507  0.222201  0.304630 
 0.351238  0.006847  0.412579  0.229336 
 0.117518  0.422076  0.443688  0.016718 

