# Motif: ACAGCTG.C	Enrichment Score: 0.482255423307621
1	ACAGCTG.C	0.482255423307621

Enrichment score matrix

A:	0.0457548141283081	-0.00494891443167305	0.0742594652494541	-0.0228594935296743	0.0124522902667156	-0.0235776909239272	0.230411513637132	0.239497245179063	-0.178595669036845	0.374822996318323	-0.134963429816371	0.0177580466148724	-0.018546932781117	-0.0917313352956917	0.0231144419490284	-0.160253989236144	0.00258390794436587	0.0152439024390244	-0.0148943600488912	0.0692248488672314	0.0441568765538803	0.0184746081977095	0.020742085097802
C:	-0.0343634910708081	0.0137149393413207	-0.00539157793514235	-0.00842975689574567	0.0175571756716269	0.00382728555818612	-0.121708863032392	-0.144086021505376	0.388941980451414	-0.220886752136752	-0.0452149791955617	0.20518266779949	-0.128899048935814	-0.136946470148926	-0.0164807066141336	0.232780182780183	0.021013742740498	0.0201538365221962	0.0736372005857155	0.00461328070904307	0.0029973791268972	0.0675560175560176	0.0580495356037152
G:	0.0353013598624052	-0.012679288582903	-0.027386498584087	0.0711071126529626	0.0454996392496392	0.0782025105868119	0.130130929945684	0.000332225913621263	-0.109113944308119	-0.134615384615385	0.208748196248196	0.0420408163265306	-0.198897641216316	0.388852813852814	-0.117823794229324	-0.13166688436085	-0.011756473308564	0.0319458276655007	0.0199486311132396	0.0455196182396607	-0.0221455507478614	-0.0124545513359643	-0.0100308641975309
T:	0.0150614967688138	0.00316845084286945	0.0226342728358857	0.0189854847339443	0.0168081195244055	-0.0108892921960073	-0.175486220129077	-0.00371872887085869	-0.0865153774562684	0.00204081632653061	-0.0254317260884937	-0.243292053663571	0.368214858869064	-0.148639962978198	0.146607221971015	0.163651905160057	0.0349413872691934	0.0260085832240251	-0.019788281508341	-0.0524895007421889	-0.0201745728209241	-0.00829332169358359	-0.0133394505616728

Energy matrix for enoLOGOS

PO	1	2	3	4	5	6	7	8	9	10	11	12	13	14	15	16	17	18	19	20	21	22	23
A:	-0.421417411778222	0.0455811863874939	-0.68395495078841	0.210543716139287	-0.114689831767097	0.217158558594623	-2.12216846622022	-2.20585114624981	1.64492690079015	-3.45224737533573	1.2430591263781	-0.163557653664394	0.170823563770251	0.844876820849193	-0.212891877858836	1.47599378683189	-0.0237986716574629	-0.140401530060613	0.137182125673052	-0.637584420265811	-0.406699862824572	-0.170157429739806	-0.191041663775251
C:	0.316499449131507	-0.126319259514571	0.0496582679246976	0.077640930262831	-0.161707563906263	-0.035250602691643	1.12098005481456	1.3270813009084	-3.58228802490803	2.03444217083982	0.416445348302945	-1.88980220886342	1.18720411432286	1.26132360281228	0.151792917486849	-2.14398471525631	-0.19354372312913	-0.185623694170592	-0.678223681433924	-0.0424898855617583	-0.02760688198258	-0.62221391586612	-0.534655981345367
G:	-0.32513753992637	0.116780563523049	0.252238973556085	-0.65492071040224	-0.419067164291305	-0.720271740447608	-1.19855015772154	-0.00305991374484259	1.00497656640663	1.23985351161218	-1.92264193948197	-0.38721022788308	1.83191497478547	-3.58146677018511	1.08519724876976	1.21269682068106	0.108281120745928	-0.294231946263755	-0.183733682507931	-0.41925117758969	0.203968060112675	0.114710656984482	0.092387673484329
T:	-0.138721511752195	-0.0291825107147024	-0.208469356890682	-0.174862776526585	-0.154808501832633	0.100294087535131	1.61628781798034	0.0342507586517032	0.796836073782227	-0.018796613004033	0.234234853521893	2.24080262403858	-3.39138418020326	1.36902465190714	-1.35030241534292	-1.50728974904649	-0.321822069818307	-0.239547904086141	0.182256808068303	0.483446167790656	0.18581468253993	0.0763843156121988	0.122860880048155

Probability matrix

A:	0.318464480218926	0.238295788218249	0.400982975591421	0.166987835784288	0.224979195832131	0.167658615056267	0.68497313841613	0.802464480680661	0.00522179941661435	0.956403026221131	0.0336323266827476	0.125620720718016	0.0271792689299972	0.0116446244623686	0.196612339748889	0.016837696473549	0.226836218090559	0.231654080974996	0.178749914729725	0.37295179744032	0.359659808584166	0.24359628514797	0.256817128929153
C:	0.152260685160851	0.282990451153552	0.192540352051658	0.190723313244894	0.235809828112315	0.215797187541725	0.0267418860599356	0.0234472952252341	0.972681785529432	0.0039609735997979	0.0768689086698586	0.705926955372894	0.0098362442909487	0.00767829772363182	0.1365306560915	0.62866511891574	0.268801530466673	0.24237046259862	0.403991368100279	0.205686804880854	0.246180652870096	0.382821480453835	0.362121064631378
G:	0.289232561293776	0.221919195755157	0.157232412822047	0.396781359281603	0.305022415541433	0.428101431841361	0.271988915874318	0.0886677608708033	0.00990255092066532	0.00876773505788308	0.79726631833356	0.157105851024169	0.00516220131520724	0.973782765130689	0.053685601919116	0.0219094308517502	0.198770016111431	0.270176552891528	0.246387010395368	0.299800105999058	0.195290986664534	0.183212045237583	0.193433722374745
T:	0.240042273326446	0.256794564873043	0.249244259534875	0.245507491689215	0.234188560514121	0.188442765560648	0.0162960596496164	0.0854204632233013	0.0121938641332884	0.0308682651211879	0.0922324463138336	0.0113464728849206	0.957822285463847	0.00689431268331056	0.613171402240496	0.332587753758961	0.305592235331337	0.255798903534856	0.170871706774628	0.121561291679767	0.198868551881204	0.190370189160613	0.187628084064724



# Motif: ACACGTGT	Enrichment Score: 0.482239204442763
2	ACACGTGT	0.482239204442763

Enrichment score matrix

A:	-0.00138248847926267	0.0488425925925926	0.0775937227550131	0.0193415637860082	0.110346184107002	-0.0348837209302326	0.107619382022472	0.178967813540511	-0.038510101010101	0.383892677573599	-0.292418022052853	0.161922911922912	-0.096952781112445	-0.0461323392357875	-0.114772727272727	-0.170261437908497	0.0513085399449036	0.0051092318534179	-0.00249615975422427	-0.017479674796748	0.00548245614035088	-0.00360750360750361
C:	0.0107758620689655	0.0407818532818533	-0.010899814471243	0.0374485596707819	-0.0521243115656963	-0.018716577540107	-0.0519972451790634	-0.0917052214144085	0.383727322704783	-0.123733493397359	0.236609336609337	0.00824818005743672	-0.00597570532915361	-0.139705882352941	0.0969516027655563	0.0521669341894061	0.0812292358803987	0.0793621700879766	0.0329442771084337	0.0278455284552846	0.0344827586206897	0.0177970177970178
G:	0.0516774891774892	0.0399149740198394	0.062	0.0448971518987342	0.0627458693941778	0.108103197674419	0.164869281045752	0.0969516027655563	-0.139705882352941	-0.00597570532915361	0.00824818005743672	0.236609336609337	-0.123733493397359	0.383727322704783	-0.0917052214144085	0.01998001998002	0.0142906336088154	-0.0603741496598639	0.0249615975422427	0.00436227669297881	-0.0444139194139194	0.0250574712643678
T:	-0.00131578947368421	-0.0194838056680162	-0.03125	-0.00756938603868797	-0.0349151234567901	0.0598930481283422	-0.126931179775281	-0.114772727272727	-0.0461323392357875	-0.096952781112445	0.161922911922912	-0.292418022052853	0.383892677573599	-0.038510101010101	0.178967813540511	0.19983660130719	-0.0354634831460674	0.0650143678160919	0.0362903225806452	0.07890625	0.104166666666667	0.00781609195402299

Energy matrix for enoLOGOS

PO	1	2	3	4	5	6	7	8	9	10	11	12	13	14	15	16	17	18	19	20	21	22
A:	0.0127331894543449	-0.44985690242754	-0.714664597302424	-0.178142385795424	-1.01632591437424	0.321290943208472	-0.991211139048701	-1.64835447833647	0.354691138062214	-3.53578222676216	2.69326951400682	-1.49136513283154	0.892968114055322	0.424894546517075	1.05709588360181	1.56816579535934	-0.472569116881698	-0.0470577644093216	0.0229904809592339	0.160993754469502	-0.0504952871270624	0.0332263361182402
C:	-0.0992493574566399	-0.375614749725863	0.10039100127154	-0.344913981008162	0.480082651174998	0.17238604974287	0.478912326504271	0.844636303114141	-3.53425925213819	1.13962758960334	-2.17925252535948	-0.0759685457783383	0.0550382800441367	1.28673872843785	-0.892957261079401	-0.480475220046912	-0.748148910614012	-0.730952599168931	-0.303428005477378	-0.256466794910719	-0.317597943861248	-0.163916591516652
G:	-0.475967264893791	-0.367630496661307	-0.571041103062523	-0.413518050719659	-0.577910814055941	-0.99566724588042	-1.51850219531437	-0.892957261079401	1.28673872843785	0.0550382800441367	-0.0759685457783383	-2.17925252535948	1.13962758960334	-3.53425925213819	0.844636303114141	-0.184022784654869	-0.131621599668392	0.556066468035977	-0.229904809592339	-0.0401780531390735	0.409067315055719	-0.23078783920584
T:	0.012118868910495	0.179452481943868	0.287823136624256	0.0697166218232007	0.321580171166607	-0.551635359177183	1.16907936954684	1.05709588360181	0.424894546517075	0.892968114055322	-1.49136513283154	2.69326951400682	-3.53578222676216	0.354691138062214	-1.64835447833647	-1.84056311681812	0.326630750551122	-0.598804456655061	-0.334246223176555	-0.726753419976246	-0.959410455414186	-0.0719888672752161

Probability matrix

A:	0.210557160115305	0.295641943354933	0.37372085653467	0.236555465145256	0.469178393482947	0.120677914298221	0.328998780249831	0.61754067154613	0.0195367725932368	0.953446281232023	0.00468898019496892	0.307923003540134	0.0113740306557316	0.0182122611221558	0.0412765511205597	0.0223456888022239	0.287515027598575	0.189934841066813	0.195958632766189	0.162059155719309	0.184523522178356	0.215935410460348
C:	0.235506781133182	0.274487828288409	0.165414351499688	0.279486586552278	0.105064505589311	0.140054274809895	0.0756358651743538	0.0510473763589957	0.954558427474674	0.00888774417364021	0.612615291510453	0.0747727247544435	0.0262919439386048	0.00769253880993383	0.290135400974315	0.173343369657995	0.378741881841411	0.376371205988477	0.271597737687752	0.246022249439759	0.241019924312688	0.26299164535323
G:	0.343249509307903	0.272304973831499	0.323722171187691	0.299333510135382	0.302647259022636	0.450376239096139	0.557434551247276	0.290135400974315	0.00769253880993383	0.0262919439386048	0.0747727247544435	0.612615291510453	0.00888774417364021	0.954558427474674	0.0510473763589957	0.128872299500997	0.204450851486038	0.103913293924293	0.252345421757613	0.198171582744288	0.116537643927426	0.281179572323539
T:	0.21068654944361	0.157565254525159	0.137142620777951	0.184624438167084	0.123109841905107	0.288891571795745	0.0379308033285394	0.0412765511205597	0.0182122611221558	0.0113740306557316	0.307923003540134	0.00468898019496892	0.953446281232023	0.0195367725932368	0.61754067154613	0.675438642038784	0.129292239073976	0.329780659020417	0.280098207788446	0.393747012096644	0.45791890958153	0.239893371862883



# Motif: AACAG.TG.C	Enrichment Score: 0.481676852800988
3	AACAG.TG.C	0.481676852800988

Enrichment score matrix

A:	-0.0611263736263736	-0.00932763311309755	0.0522273425499232	0.0215909090909091	-0.0244482173174873	-0.00618489583333333	0.236873687368737	0.275382692908466	-0.172424242424242	0.403240324032403	-0.289661319073084	0.0659536541889483	-0.10197743564679	-0.1192439546985	0.0310133954571928	-0.203781512605042	0.00504557291666667	-0.00729166666666667	-0.149250936329588	0.127706495589415	-0.0222876366694701	0.01875
C:	0.0178823529411765	0.0301079734219269	0.0854049719326383	-0.065719696969697	0.00731382978723404	-0.03515625	-0.138529411764706	-0.136519837550765	0.408835322926232	-0.169117647058824	0.0495714285714286	0.19503862150921	-0.0526068381898214	-0.161515151515152	0.0198019801980198	0.224670951943679	0.0323893229166667	0.0697916666666667	0.0681992337164751	-0.00581395348837209	0.0445701357466063	0.00303030303030303
G:	0.0259289505920784	-0.0180928054491273	-0.170392156862745	0.0702380952380952	0.00664893617021277	0.0592447916666667	0.124647666771062	0.108737244897959	-0.125489589775304	-0.168916891689169	0.193404634581105	0.0754285714285714	-0.218851461038961	0.400711662075298	-0.0854688410017472	-0.071319253137435	0.01171875	-0.00760869565217391	-0.0585488505747126	-0.18644747393745	0.033710407239819	0.0213353413654618
T:	0.0139372822299652	-0.00249169435215947	0.038	-0.0229166666666667	0.0101867572156197	-0.0179036458333333	-0.203089569160998	-0.250478316326531	-0.110162228344047	-0.0605882352941177	0.0438264414676762	-0.332702387885847	0.369428558677454	-0.11921435240763	0.0353535353535354	0.055625	-0.0491536458333333	-0.0604103343465046	0.150510204081633	0.0660919540229885	-0.0493827160493827	-0.0427350427350427

Energy matrix for enoLOGOS

PO	1	2	3	4	5	6	7	8	9	10	11	12	13	14	15	16	17	18	19	20	21	22
A:	0.562994706803489	0.0859106758365443	-0.481031601608587	-0.198859621667668	0.2251764029821	0.0569649957902173	-2.18168728583114	-2.53636833423836	1.58808596110741	-3.7139806360444	2.6678793412587	-0.607455603855827	0.939246892568238	1.0982774100737	-0.285643928251445	1.87689709260859	-0.0464714439341246	0.067158731878993	1.37465192443165	-1.17622029209078	0.205276719812758	-0.172693881974553
C:	-0.164702557240045	-0.277304683126359	-0.786608860958672	0.605300778234041	-0.0673628617631237	0.323801028702288	1.27590303388258	1.25739417136944	-3.76551248023739	1.5576310923195	-0.456569729867962	-1.79637208978086	0.48452688562173	1.48760952068585	-0.182382977662895	-2.06929593909719	-0.298316688480348	-0.642805005127504	-0.62813815563669	0.0535484905347453	-0.410506120651427	-0.0279101223393218
G:	-0.238814460441195	0.166640896470408	1.56936976142104	-0.646916764222137	-0.0612389652392034	-0.545664696516818	-1.14804743753414	-1.00150703662113	1.15580183497021	1.55578206703348	-1.78132251400965	-0.694722816629061	2.01569644707312	-3.6906907987338	0.787197116824406	0.656874596470906	-0.107933676234096	0.0700786767432971	0.539254842181077	1.71724469645907	-0.310484324756663	-0.196505755928207
T:	-0.128367113198274	0.0229493530863194	-0.349992934135095	0.211070300191121	-0.0938235012425418	0.164898672024313	1.87052405797079	2.30699054916687	1.01463161918403	0.558038269596204	-0.403656443209789	3.0643022349979	-3.40256276854793	1.09800476289899	-0.325618093958754	-0.512325183191175	0.452721808648569	0.55639974131619	-1.38625020904744	-0.608729392400725	0.454831623307466	0.393604289400692

Probability matrix

A:	0.137055558444008	0.225969618929217	0.297329200024607	0.272003124626032	0.19812879242585	0.222697186955602	0.711946790688527	0.802647540810124	0.0046364408336074	0.976339636980788	0.00764052842768569	0.185180333343679	0.0125371388950069	0.00813967097850025	0.30444079779057	0.0149186263747844	0.252729002322283	0.215327281705429	0.0376938405917907	0.52227766939727	0.188495538444129	0.289274025505173
C:	0.283747183782786	0.324931996755	0.403597139867808	0.121711459072796	0.265457977355701	0.170541199994537	0.0224303029908493	0.0180681945244268	0.979993022281207	0.00501382344256388	0.173801846636443	0.608043612846853	0.0197551725401916	0.00551470217349059	0.274572596285152	0.771860285418992	0.325109816484354	0.437957926783594	0.279300086218579	0.152693187489904	0.348925062438746	0.250282596228591
G:	0.305575091455432	0.208443983335676	0.0382612861510684	0.42575782401041	0.263837307642611	0.406849213887604	0.253246501379105	0.172958968828391	0.00714370204952114	0.00502310270504057	0.653713133856384	0.202066598356464	0.00427269936107043	0.978203736308649	0.104129529364321	0.0505333250510009	0.268749578181687	0.214699454970868	0.0869117976110751	0.0289258133401379	0.315713571250344	0.2962448469278
T:	0.273622166317774	0.240654400980107	0.260812373956516	0.180527592290762	0.272575922575839	0.199912399162257	0.0123764049415188	0.00632529583705768	0.00822683483566413	0.0136234368716079	0.164844491079488	0.00470945545300352	0.963434989203731	0.00814189053936033	0.316857076559957	0.162687763155223	0.153411603011676	0.132015336540109	0.596094275578555	0.296103329772688	0.146865827866781	0.164198531338435



