Arid3a_primary
A:	0.179645793597971	0.210100830864919	0.18297957170479	0.218158426414591	0.0870705802557497	0.0435293344848582	0.695645391274696	0.886231513936226	0.105526350481291	0.112302355076614	0.815030478488063	0.719906706101697	0.598597229834128	0.469818137392637	0.233954380973979	0.267838631058226	0.240559605564699
C:	0.266648735950844	0.218430924209102	0.213084153545938	0.203797703013696	0.110886816294852	0.0958703394836635	0.0104078225875119	0.00354104133931097	0.00470109424317215	0.181644431061179	0.045569847543415	0.0821358973477016	0.0458429114703258	0.282556547844063	0.229160661497462	0.231747372592299	0.300737862311012
G:	0.382823288901203	0.353259680323954	0.340965693699501	0.18760023292416	0.0821358973477016	0.045569847543415	0.181644431061179	0.00470109424317215	0.00354104133931097	0.0104078225875119	0.0958703394836635	0.110886816294852	0.0853202791343203	0.0573452956112842	0.190290024780233	0.133765504128307	0.201112183210201
T:	0.170882181549982	0.218208564602024	0.262970581049772	0.390443637647554	0.719906706101697	0.815030478488063	0.112302355076614	0.105526350481291	0.886231513936226	0.695645391274696	0.0435293344848582	0.0870705802557497	0.270239579561226	0.190280019152016	0.346594932748325	0.366648492221168	0.257590348914088

Arid5a_primary
A:	0.177322769961677	0.160221841004699	0.852203018833067	0.961248539596473	0.0565398220443113	0.930330589214641	0.019950864688249	0.0411316382396864	0.233918811349109	0.339577406902739	0.285389335391289	0.572142692856743	0.285668980971376	0.342798848206545
C:	0.428313310855555	0.324571292259573	0.0267326703147277	0.00379831572782298	0.00400812936891674	0.0051379987521542	0.0141888286179256	0.0875059354874809	0.027935175632631	0.352987545623934	0.13471914100935	0.0784175907242025	0.184067740053308	0.230459946341397
G:	0.22903578216647	0.0324446387621822	0.073955464568744	0.0101183390736629	0.00787744708407332	0.00713820083753976	0.00678864795483705	0.0390246666857379	0.519604520580082	0.184315929397724	0.268289476918125	0.190434321213762	0.262198874546343	0.153946120466092
T:	0.165328137016298	0.482762227973546	0.0471088462834612	0.0248348056020407	0.931574601502699	0.057393211195665	0.959071658738988	0.832337759587095	0.218541492438178	0.123119118075603	0.311602046681237	0.159005395205293	0.268064404428973	0.272795084985967
      
# Motif: GTAATAAA	Enrichment Score: 0.494153723616089
1	GTAATAAA	0.494153723616089

Enrichment score matrix

A:	-0.0135135135135135	-0.0680952380952381	0.0391129032258065	0.0753373313343328	0.0372340425531915	0.0394570707070707	0.0595559555955596	0.00363825363825364	-0.226495726495726	0.311984606926883	0.449579831932773	-0.000131199160325374	0.369433754810335	0.477310924369748	0.441176470588235	0.171856978085352	-0.0203030303030303	-0.0601728723404255	-0.0313519391083726	0.0149905123339658	-0.111721611721612	0.0613275613275613
C:	-0.025987525987526	-0.0769230769230769	-0.0551146384479718	-0.0554775280898876	-0.0628324468085106	-0.0191713048855906	-0.0917647058823529	-0.0388140161725067	0.29824079164376	0.246621621621622	-0.161812297734628	-0.148446170921199	-0.260646900269542	-0.309061488673139	-0.0574175824175824	-0.0888615888615889	0.00515463917525773	-0.00764627659574468	0.0603345280764636	0.0101955888472742	0.0198572066041946	-0.0157790927021696
G:	0.0893333333333333	0.125374625374625	0.0185185185185185	-0.0164917541229385	0.0412234042553191	0.0383426097711812	0.176267626762676	0.323254535459043	-0.404617921935129	-0.32722371967655	-0.129216695254431	-0.328843537414966	-0.351871101871102	-0.210924369747899	-0.418968212610735	-0.113415710503089	-0.0672727272727273	0.000997340425531915	-0.045487495469373	-0.0117694805194805	0.0585355470412942	0.000493096646942801
T:	-0.0516657255787691	0.0221518987341772	-0.00839920948616601	0.0003584229390681	-0.0163194444444444	-0.0418435415403275	-0.122510822510823	-0.281940700808625	0.354040681693238	-0.216137566137566	-0.149137001078749	0.483906770255272	0.263342318059299	0.0535714285714286	0.0706775700934579	0.0489849955869373	0.0993193069306931	0.0697916666666667	0.0376420454545455	0.00360531309297913	0.0440613026819923	-0.0285996055226824

Energy matrix for enoLOGOS

PO	1	2	3	4	5	6	7	8	9	10	11	12	13	14	15	16	17	18	19	20	21	22
A:	0.124464059080759	0.627180320567902	-0.360243151645843	-0.693882464305552	-0.342938205339539	-0.363413051293252	-0.548530622213403	-0.0335095543678967	2.08610273382367	-2.87348442061379	-4.14078327647669	0.00120838892311417	-3.40261062670038	-4.39619607670796	-4.06338545822479	-1.58286126346534	0.186997819673456	0.55421263541479	0.288762030509583	-0.138067720946133	1.02899407086181	-0.564847714010083
C:	0.239353959770691	0.708487720921245	0.507624579584225	0.510966916703735	0.578708221510472	0.176574243371219	0.845184175310756	0.357490300152175	-2.74689920384666	-2.27146907822386	1.49034633850747	1.36723976110079	2.40064666838301	2.84656150654927	0.528835477401929	0.818445479409841	-0.0474759812988463	0.0704248100250838	-0.555701539766783	-0.0939048435761201	-0.182891631661285	0.145330814547948
G:	-0.822790406563206	-1.1547429737093	-0.1705618587403	0.151894668803205	-0.379681584483061	-0.353148486742439	-1.62348483904471	-2.97728429836283	3.72666878162423	3.01384183600514	1.19012974503523	3.02876090871652	3.24085261529515	1.94268523812271	3.85883984318335	1.04459729726297	0.619604715932943	-0.0091858447858805	0.41895531594165	0.108400921585759	-0.539132312110143	-0.00454158795462337
T:	0.475858918145579	-0.204026527227321	0.0773595782231201	-0.00330119726594128	0.150307638014889	0.385393259955341	1.12836637457544	2.59676981916094	-3.2608351839212	1.9907005512975	1.37360254199105	-4.45694606235474	-2.42547238367136	-0.493411091355867	-0.650964477224952	-0.451168482475444	-0.914764622340456	-0.642805005127504	-0.346696050933763	-0.03320616073388	-0.405819594933816	0.263412101368155

Probability matrix

A:	0.193281893875128	0.0984322634147252	0.345703676120681	0.44838114902646	0.328306809614427	0.328356074653578	0.229096979173545	0.0482257219073663	0.00296960030151275	0.641766466857169	0.987700585423238	0.0114114098630064	0.724266676091475	0.977835185033388	0.958355400088933	0.673242786248704	0.168846924974147	0.130054747539168	0.164135106245121	0.274815635862588	0.0748708796767951	0.40009611675488
C:	0.172303905927364	0.0907457128035469	0.145142243248537	0.134396484234209	0.130621279431272	0.191351359828542	0.0568508178515649	0.0326189260542104	0.372944383568951	0.351499797916934	0.00354043636197389	0.00291124943420083	0.00218562617540817	0.000699481138231161	0.0097084608204459	0.0609954501655182	0.213463602075858	0.210975776192276	0.381897969551803	0.262943079348945	0.251552251671578	0.196669819915483
G:	0.498400603801034	0.584812875326497	0.285973940007059	0.192455799942656	0.340594270221445	0.325002881504752	0.671221791148223	0.915680287139756	0.000575717216360207	0.0017805071191113	0.00478012443750621	0.000552700619242312	0.000943363517394978	0.00172712783619581	0.000347494441103348	0.0486497882491889	0.109550500949348	0.228458363458859	0.144098432027929	0.214783773037063	0.359204336327016	0.228468577410353
T:	0.136013596396475	0.226009148455231	0.223180140623724	0.224766566796675	0.200477640732856	0.155289684013127	0.0428304118266672	0.00347506489866737	0.623510298913176	0.00495322810678596	0.00397885377728174	0.98512464008355	0.272604334215722	0.0197382059921851	0.0315886446495173	0.217111975336589	0.508138972000647	0.430511112809697	0.309868492175146	0.247457511751405	0.314372532324611	0.174765485919284



# Motif: CCATAAAA	Enrichment Score: 0.493584262400738
2	CCATAAAA	0.493584262400738

Enrichment score matrix

A:	0.0890890890890891	0.00566202090592335	0.099925843529848	0.109814687714482	0.0877016129032258	0.105548469387755	-0.0603960396039604	-0.00749711649365629	0.154761904761905	0.460190136660725	-0.136217948717949	0.380570409982175	0.488879621907145	0.49018759018759	0.363775368362524	0.0347850678733032	-0.00719314355677992	-0.0440789473684211	0.0147849462365591	-0.00775193798449612	-0.053156146179402	0.0497287522603978
C:	-0.0568421052631579	0.0913154533844189	-0.117419617419617	-0.0223061084420041	0.0220394736842105	-0.134497549019608	-0.0219182112385996	0.264048249485143	0.184343434343434	-0.284799068142108	-0.119969040247678	-0.258881770529994	-0.273846960167715	-0.153102453102453	-0.107979407979408	-0.0042420814479638	0.053125	-0.00403225806451613	-0.00772849462365591	-0.00297265160523187	0.0139959432048682	-0.0512820512820513
G:	-0.0346320346320346	-0.043956043956044	-0.0465909090909091	0.0745967741935484	0.0605263157894737	0.152423469387755	0.164313033245072	-0.423875432525952	-0.294609164420485	0.0651428571428571	-0.221608609459077	-0.381758764111705	-0.287702429149798	-0.376633986928105	-0.236111111111111	-0.0497835497835498	-0.143709825528007	0.0128289473684211	-0.043859649122807	-0.0283392786365438	0.0207641196013289	0.0536585365853659
T:	-0.00315789473684211	-0.0586791610887996	0.0537878787878788	-0.163692518874399	-0.168421052631579	-0.117984693877551	-0.0765205091937765	0.169306930693069	-0.0387214137214137	-0.21316249271986	0.49773435287454	0.255142857142857	0.113084112149533	0.0585511982570806	0.00314465408805031	0.0172598340915173	0.0969387755102041	0.0351973684210526	0.0356897735072066	0.0401785714285714	0.0176470588235294	-0.0506329113924051

Energy matrix for enoLOGOS

PO	1	2	3	4	5	6	7	8	9	10	11	12	13	14	15	16	17	18	19	20	21	22
A:	-0.82054083393982	-0.052149139736799	-0.920351030866734	-1.01143065169265	-0.807761706010008	-0.972137328802333	0.556268081871829	0.069050994714931	-1.4254098194725	-4.23850779447151	1.2546136724647	-3.50518301143835	-4.50274771868783	-4.51479455174648	-3.35049496155987	-0.320382314975416	0.0662513005024305	0.405982108501582	-0.136174387220078	0.0713979873796603	0.489586199174814	-0.458018734591944
C:	0.523535136933383	-0.841046406891823	1.0814746427819	0.205446851125069	-0.202991054250791	1.23876820566714	0.201874185852376	-2.43197425238265	-1.69786577564207	2.62309635521046	1.10495569478042	2.38438922268108	2.52222371297566	1.41012570485811	0.994527100654829	0.0390710140213922	-0.489299332261235	0.0371384692418395	0.0711820660468589	0.0273791330914869	-0.128907400743683	0.47232514728083
G:	0.318972826735106	0.404850126240711	0.429118130967072	-0.68706168097403	-0.557467969882769	-1.40387203373872	-1.51337896373895	3.90403700888264	2.71345068101616	-0.599987887088734	2.04109072247844	3.51612815745377	2.649837298314	3.46892721526227	2.17466369893882	0.458523438431715	1.32361640791026	-0.118158971877326	0.403962297016499	0.261014402138841	-0.191244609052662	-0.494213385813356
T:	0.0290852853851879	0.540455046369865	-0.495404671522961	1.50766381517935	1.55121522054336	1.08667918929566	0.704779935111615	-1.55937445901775	0.356637400058329	1.96329911248881	-4.58430280479981	-2.34995255776421	-1.04154316355992	-0.539276465134771	-0.0289633345030698	-0.158968946746712	-0.892839117691569	-0.324179743355741	-0.328714961800111	-0.3700583185169	-0.162535418328991	0.466346347948161

Probability matrix

A:	0.497926155085378	0.227944417094627	0.488216600135105	0.476265455100283	0.41334464872321	0.360083611064928	0.0892113757011137	0.0546076969111985	0.400413244574977	0.971473432385823	0.00288997350870196	0.758353786060856	0.967994091694739	0.978681801495935	0.949618954093657	0.332457200942176	0.177411133448885	0.161018008074903	0.277183051070469	0.225873923734621	0.148120556551307	0.353599415924177
C:	0.12984946425125	0.501698369591161	0.0659524142958607	0.141047663850904	0.225768715776574	0.0394656519597621	0.127154445990329	0.665940341354845	0.525816914798969	0.00101735871306834	0.00335652198122263	0.0020992450474174	0.000860927099226802	0.00261505808389811	0.0123177183361183	0.232074352176818	0.309209938765897	0.232841938862721	0.225274952857597	0.236038715032096	0.274930987985343	0.139465993463892
G:	0.159323722408741	0.144330029472832	0.126632602250344	0.344332033958953	0.321818592472224	0.554502304278172	0.706734883325693	0.00117961584184954	0.00638298990523273	0.0255412301242027	0.00131622828345389	0.000676947771573513	0.000757782379106191	0.000333699229790115	0.00378445596726663	0.152567234283065	0.0504561538985988	0.27196062383538	0.161505861784843	0.186860167408962	0.292614874147506	0.36663226030562
T:	0.21290065825463	0.126027183841379	0.31919838331869	0.0383548470898603	0.0390680430279919	0.0459484326971376	0.0768992949828651	0.278272345892107	0.0673868507208221	0.00196797877690604	0.992437276226622	0.238870021120153	0.0303871988269283	0.0183694411903768	0.0342788716029583	0.28290121259794	0.462922773886619	0.334179429226996	0.336036134287091	0.351227193824322	0.284333581315845	0.140302330306312



# Motif: GTCGTAAA	Enrichment Score: 0.492988279926834
3	GTCGTAAA	0.492988279926834

Enrichment score matrix

A:	0.0317333333333333	0.01875	0.0300721732157177	0.014047866805411	0.0787898936170213	0.098700495049505	0.10136134951169	0.0743935309973046	-0.253236245954693	0.0406400453129425	0.304304304304304	-0.125824175824176	0.407661520869068	0.489157631359466	0.473829201101928	0.148692810457516	-0.0233585858585859	-0.03125	-0.0466339410939691	0.069376026272578	0.0203252032520325	-0.025219298245614
C:	-0.0404761904761905	-0.0131332082551595	0	0.00676378772112383	-0.0864176570458404	-0.0392156862745098	-0.0888218315402781	0.0725067385444744	0.113165266106443	0.47196261682243	-0.320954254795868	-0.14478021978022	-0.266666666666667	-0.23324432576769	-0.120346761856196	-0.0578643578643579	0.00380116959064327	0.0121710526315789	-0.0419354838709677	-0.0387205387205387	-0.0167548500881834	0.012
G:	-0.0043859649122807	-0.0272045028142589	-0.0392156862745098	-0.0890070921985816	-0.00199468085106383	-0.0466666666666667	0.0583836263447914	0.331088664421998	-0.289913700107875	-0.407636738906089	0.345238095238095	-0.199568500539374	-0.354368932038835	-0.244585511575803	-0.320291419320022	-0.0721677559912854	0.000946969696969697	0.00592105263157895	0.0690743338008415	0.00156862745098039	-0.050952380952381	-0.0136
T:	0.0326340326340326	0.0196428571428571	0.0197044334975369	0.0648777173913044	0.0162898936170213	-0.00980392156862745	-0.0616326530612245	-0.440725600408789	0.460263007432819	-0.0614316239316239	-0.284554845056567	0.493138936535163	0.226537216828479	0.0257676902536716	-0.00169902912621359	-0.0149886877828054	0.0265151515151515	0.0213815789473684	0.0185834502103787	-0.0317647058823529	0.0431034482758621	0.0367833587011669

Energy matrix for enoLOGOS

PO	1	2	3	4	5	6	7	8	9	10	11	12	13	14	15	16	17	18	19	20	21	22
A:	-0.292274801137378	-0.172693881974553	-0.276974951041786	-0.129385634778021	-0.72568173808456	-0.909065154288491	-0.933572529565505	-0.685189741958336	2.3323920197642	-0.374308650064736	-2.80274621930006	1.15888348636404	-3.75470136376159	-4.50530828037034	-4.36412822033031	-1.36951139517947	0.215140526365605	0.287823136624256	0.429514470362143	-0.638976815625605	-0.187202040080817	0.232278320784487
C:	0.372799491246655	0.120961318206066	-0	-0.0622967871153436	0.795936035540896	0.36118981850887	0.818079300948291	-0.667811741256494	-1.0422906191256	-4.34693634378315	2.95609793050392	1.33347510330534	2.45609076586032	2.14825963015252	1.10843463936072	0.532950431336573	-0.0350100657414299	-0.112099537422079	0.38624008011513	0.356629341002445	0.154317872193604	-0.110524084463714
G:	0.0403962297016499	0.250562730569709	0.36118981850887	0.819785614668802	0.018371689571761	0.429815884025555	-0.537733070785804	-3.0494392926296	2.67020385649256	3.75447311344746	-3.17976036651559	1.83809381749255	3.26385848133137	2.25271581166706	2.94999299016075	0.664689596561462	-0.00872191323103805	-0.0545349100972274	-0.63619812527325	-0.0144475927403548	0.469288771334025	0.125260629058876
T:	-0.300570548269619	-0.180917400163818	-0.181484539349284	-0.597545859730792	-0.150035464836048	0.0902974546272175	0.567657712721797	4.05923279040851	-4.23917895908566	0.565806166013494	2.62084697746592	-4.54197745616321	-2.08648487391046	-0.237329197835968	0.0156486365543285	0.138050916208919	-0.244213570469065	-0.196931619795543	-0.17115990172326	0.292563752992185	-0.39699742982656	-0.338787253662239

Probability matrix

A:	0.308682789752488	0.293366844990272	0.312963422721639	0.255152351832978	0.44328529184046	0.523282717992809	0.483218378984488	0.0791920747707169	0.00134152602756362	0.0183383185549941	0.405598729385531	0.00331706163631576	0.839288176700857	0.983805573406911	0.982902728015148	0.666029523421208	0.195382376456774	0.181036416662842	0.147700032216514	0.434979442550828	0.288785042017571	0.188964597322667
C:	0.158735593944561	0.218714812768405	0.237249272797926	0.238596055400392	0.0967950434343317	0.146916869761235	0.0838321722907519	0.0778277636737821	0.0391926971176475	0.974203753724495	0.00127956499151376	0.00278566806631421	0.00168499398534925	0.00126853206675085	0.00412863688878933	0.0993721777432322	0.250913720124182	0.270053714581695	0.154231974645563	0.160724643964355	0.205236443993552	0.2662303967303
G:	0.221327421064629	0.19212904276767	0.165326375556976	0.0987596949304452	0.210642026274253	0.137172718322256	0.325261418330249	0.842291183807507	0.000956950087370966	0.000295292472161308	0.591332501095825	0.0016818073363528	0.00075125831783643	0.0011427117862344	0.000654678469947791	0.0871066306022296	0.244403606320931	0.254947146432263	0.428759434667738	0.232937353562348	0.149783632190064	0.210308893938621
T:	0.311254195238322	0.295789299473653	0.284460928923459	0.407491897836184	0.249277638450955	0.192627693923699	0.107688030394511	0.000688977747994197	0.958508826767418	0.00716263524834996	0.00178920452713056	0.992215462961017	0.158275570995957	0.0137831827401039	0.0123139566261153	0.14749166823333	0.309300297098113	0.2939627223232	0.269308558470185	0.171358559922468	0.356194881798813	0.334496112008413

