# Motif: C.C.GCACGA Enrichment Score: 0.478827302868675
1	C.C.GCACGA	0.478827302868675

Enrichment score matrix

A:	-0.033129904097646	-0.0342910101946247	0.0172413793103448	-0.129457364341085	-0.0650598042769119	0.117434210526316	-0.126363636363636	-0.0221973810284254	-0.0229166666666667	-0.134153661464586	-0.0694285714285714	-0.118125	0.322265625	-0.128787878787879	-0.0876913265306122	0.279084158415842	0.0678763440860215	0.0326241134751773	0.067037037037037	0.0186507936507937	0.224580017683466	-0.0316455696202532
C:	0.0102239532619279	0.0952380952380952	-0.0751944684528954	-0.127029220779221	0.21	-0.0325657894736842	0.243193069306931	-0.088125	0.173204787234043	0.1309375	-0.0900673400673401	0.165625	-0.12454273362155	0.291769801980198	-0.111288265306122	-0.162804515745692	0.00328947368421053	-0.0906929347826087	-0.0911562160202972	0.00753968253968254	-0.0625668449197861	0.00773333333333333
G:	-0.119386637458927	-0.0302619692863595	0.143625192012289	0.00455806579468886	-0.110740740740741	0.00100806451612903	-0.106815578465063	0.112371134020619	-0.165558510638298	-0.0366146458583433	0.225121359223301	-0.137454981992797	-0.07421875	-0.0665222772277228	0.29719387755102	-0.0221212121212121	0.000328947368421053	0.0719736385709331	-0.0545487495469373	0.0572584078331205	-0.0830959164292498	-0.0798931520155415
T:	0.132911392405063	-0.0330687830687831	-0.0949019607843137	0.25188267934998	-0.0335354300871542	-0.0858552631578947	0.00123762376237624	-0.00900360144057623	0.0142952127659574	0.046875	-0.0386215092097445	0.0918367346938776	-0.123604465709729	-0.0867697594501718	-0.0943627450980392	-0.0834818775995247	-0.0700657894736842	-0.0112729795352064	0.0857919254658385	-0.0853554704129417	-0.0935064935064935	0.108

Energy matrix for enoLOGOS

PO	1	2	3	4	5	6	7	8	9	10	11	12	13	14	15	16	17	18	19	20	21	22
A:	0.305137693230248	0.315831875591398	-0.158798971930624	1.19234638924033	0.599222941924511	-1.08160905026168	1.16385210154972	0.204445434638245	0.211070300191121	1.2356008842357	0.639460774397204	1.08797145643969	-2.96817609643764	1.18618019942118	0.807666965017044	-2.57046009143642	-0.625164232237631	-0.300479189440358	-0.617433928639885	-0.171780157731302	-2.06845840360915	0.291466467467601
C:	-0.0941660894895325	-0.877175273521541	0.692566648540992	1.16998236056353	-1.934171478115	0.299942005534751	-2.23989094442243	0.811661245280401	-1.59527504448125	-1.20597894245563	0.82955085841873	-1.52546262410856	1.14708096751083	-2.68729918650171	1.02500280287618	1.49948500411258	-0.0302971722762374	0.835312798681264	0.839579776568325	-0.069443042487122	0.576261937711879	-0.0712266322099492
G:	1.09959156686244	0.27872303745366	-1.32283690442361	-0.0419813374069465	1.01995991526699	-0.00928461731045986	0.98380783469276	-1.03497639231485	1.52485023445616	0.33723335095471	-2.07344434344852	1.26600716997752	0.683579949482607	0.612692815586287	-2.73725676871231	0.203743893077049	-0.00302971722762374	-0.662901709047887	0.502412550192974	-0.527369425300467	0.765341673834678	0.735843123453172
T:	-1.22415916336392	0.304574747750535	0.874079360791465	-2.31992521061865	0.308872725623301	0.790756196409797	-0.0113989361039309	0.0829262338413222	-0.131663775264287	-0.431734704936384	0.35571724550116	-0.845847585181486	1.13843920068286	0.799179018530579	0.869113000786968	0.768896507583276	0.645329769483858	0.103827978525573	-0.790172834707584	0.786152935113335	0.861226632184786	-0.994716760173428

Probability matrix

A:	0.132318099414021	0.157576907784424	0.200575549570473	0.0256521948865229	0.0641451268878696	0.572357314940992	0.0281589454601494	0.163193556488174	0.114080333582902	0.0493953893471887	0.0548607209785167	0.0446456160551245	0.944527275183649	0.0190998291210299	0.0267507660927366	0.896911487903168	0.422096546192229	0.291935632059623	0.363925324780776	0.269292694820549	0.845145582020324	0.14931243042459
C:	0.197258026385753	0.519528043913016	0.0856119915159342	0.0262323443684788	0.80798423232392	0.143769657337553	0.846921600023903	0.0889185826006703	0.694538937021	0.56761133405818	0.0453634875984384	0.609226547914467	0.0154163325170184	0.918882974673474	0.0215252631176075	0.0153177469251468	0.2328436062423	0.0937602837056179	0.0847694306069562	0.243097295852099	0.0600266456381741	0.214591036043729
G:	0.0597850119935064	0.163534255248395	0.642411403646405	0.0881426800091836	0.0421153023333317	0.19586762332844	0.0337138708061558	0.563607894048951	0.0306650308929338	0.121294881747281	0.826915691976962	0.0373644756578813	0.0245062581226805	0.0338915856378666	0.926567451578003	0.0559664943773508	0.226580333494282	0.419454836341527	0.118759710957593	0.384286412506567	0.0496852854314564	0.0957426921666326
T:	0.61063886220672	0.159360793054165	0.071401055267188	0.859972780735815	0.0857553384548786	0.088005404393015	0.0912055837097918	0.184279966862204	0.160715698503163	0.261698394847351	0.0728600994460832	0.308763360372527	0.0155501341766521	0.0281256105676297	0.0251565192116529	0.0318042707943345	0.118479514071189	0.194849247893233	0.432545533654675	0.103323596820785	0.0451424869100457	0.540353841365048
